-0.6530425000  -0.1648536000  0.0000000000
-0.6530425000  -0.1612793056  0.0000000000
-0.6325498630  -0.1898870524  0.0000000000
-0.6114363270  -0.2274074610  0.0000000000
-0.6279847574  -0.1962348547  0.0000000000
-0.6490803642  -0.1774798106  0.0000000000
-0.6900080214  -0.1832063916  0.0000000000
-0.7064680362  -0.2115085795  0.0000000000
-0.6980174989  -0.2456561380  0.0000000000
-0.6633103358  -0.2624303644  0.0000000000
-0.6350146699  -0.2604337655  0.0000000000
-0.6116244298  -0.2621411550  0.0000000000
-0.6141891380  -0.2219540765  0.0000000000
-0.6105278052  -0.2378126051  0.0000000000
-0.6121461479  -0.2481703046  0.0000000000
-0.6241073207  -0.2608426014  0.0000000000
-0.6280364782  -0.2794750655  0.0000000000
-0.6208449199  -0.2918944513  0.0000000000
-0.6017684111  -0.2989946746  0.0000000000
-0.6592144436  -0.2855103122  0.0000000000
-0.6958577218  -0.2833661404  0.0000000000
-0.7364776051  -0.2762970558  0.0000000000
-0.7873470891  -0.2677247436  0.0000000000
-0.7503239998  -0.2734012344  0.0000000000
-0.7295318996  -0.2777148056  0.0000000000
-0.6982705190  -0.2816264625  0.0000000000
-0.6656985987  -0.2871450788  0.0000000000
-0.6322665181  -0.2865752033  0.0000000000
-0.6048917060  -0.3116775398  0.0000000000
-0.6071031547  -0.3374674145  0.0000000000
-0.6223161807  -0.3562242112  0.0000000000
-0.6520272507  -0.3642465471  0.0000000000
-0.6902108513  -0.3512001937  0.0000000000
-0.7042679174  -0.3143274192  0.0000000000
-0.6673731243  -0.2745591898  0.0000000000
-0.7015990604  -0.3129291333  0.0000000000
-0.6876513054  -0.3484223311  0.0000000000
-0.6500700868  -0.3834027910  0.0000000000
-0.6024249806  -0.3884211176  0.0000000000
-0.5634307576  -0.3957905741  0.0000000000
-0.5467317065  -0.3976653003  0.0000000000
-0.5211963678  -0.4037679818  0.0000000000
-0.5440186857  -0.3976302822  0.0000000000
-0.5586558059  -0.3979799149  0.0000000000
-0.5727008707  -0.3931574361  0.0000000000
-0.5899472915  -0.3918614775  0.0000000000
-0.5853733688  -0.4039720494  0.0000000000
-0.5874741270  -0.4127489996  0.0000000000
-0.5877162148  -0.4359433095  0.0000000000
-0.5875398257  -0.4095999231  0.0000000000
-0.5817391843  -0.3943421474  0.0000000000
-0.6062449413  -0.3872873309  0.0000000000
-0.6260471922  -0.3869587394  0.0000000000
-0.6566728610  -0.3820072446  0.0000000000
-0.7140876114  -0.3763247995  0.0000000000
-0.6800078014  -0.4384294854  0.0000000000
-0.6357770472  -0.4278488713  0.0000000000
-0.6506149609  -0.4645773712  0.0000000000
-0.6335640013  -0.5089612891  0.0000000000
-0.5760351140  -0.4342851361  0.0000000000
-0.7097119011  -0.4194824377  0.0000000000
-0.6841958038  -0.5064513871  0.0000000000
-0.6271383992  -0.5008117609  0.0000000000
-0.6049206570  -0.5452482367  0.0000000000
-0.6189711676  -0.5639142446  0.0000000000
-0.6034365206  -0.5181198804  0.0000000000
-0.6485456662  -0.5128674896  0.0000000000
-0.7019416340  -0.5151485614  0.0000000000
-0.6952248888  -0.5750992001  0.0000000000
-0.6643070432  -0.6044276698  0.0000000000
-0.6231310438  -0.6072072710  0.0000000000
-0.5784194339  -0.6045676241  0.0000000000
-0.5353616575  -0.5851647092  0.0000000000
-0.5026383484  -0.5574410071  0.0000000000
-0.4752872438  -0.5252761283  0.0000000000
-0.4513710535  -0.4823241073  0.0000000000
-0.4321531232  -0.4264156489  0.0000000000
-0.4245809900  -0.3685563380  0.0000000000
-0.4287260143  -0.3160741071  0.0000000000
-0.4412597734  -0.2698863368  0.0000000000
-0.4631298101  -0.2249581414  0.0000000000
-0.4938428529  -0.1762448199  0.0000000000
-0.5396111406  -0.1371196807  0.0000000000
-0.5935512009  -0.1152510580  0.0000000000
-0.6488450869  -0.1124049004  0.0000000000
-0.7098615311  -0.1297270720  0.0000000000
-0.7707392907  -0.1855279806  0.0000000000
-0.7982225131  -0.2656581027  0.0000000000
-0.8151603944  -0.3397096171  0.0000000000
-0.8259786461  -0.3952306739  0.0000000000
-0.8326685777  -0.4370718447  0.0000000000
-0.8309347582  -0.4638837272  0.0000000000
-0.8256291395  -0.4839900030  0.0000000000
-0.7998602321  -0.5005480212  0.0000000000
-0.7858532946  -0.4320900209  0.0000000000
-0.8179512535  -0.3672000853  0.0000000000
-0.8683552355  -0.3018944007  0.0000000000
-0.8336070062  -0.2279074302  0.0000000000
-0.8078290983  -0.2917817502  0.0000000000
-0.8476202659  -0.3395833299  0.0000000000
-0.8778416913  -0.3865827646  0.0000000000
-0.8611121224  -0.4766812046  0.0000000000
-0.8356197562  -0.4004838044  0.0000000000
-0.8705416212  -0.3625691163  0.0000000000
-0.8919802887  -0.3247647856  0.0000000000
-0.8848925064  -0.2658943499  0.0000000000
-0.8565164939  -0.3150247677  0.0000000000
-0.8709028055  -0.3444345865  0.0000000000
-0.9011157219  -0.3798601000  0.0000000000
-0.9045873000  -0.3798601000  0.0000000000
